CameraMatrix:
  fx: 879.561594
  fy: 880.511632
  cx: 625.822231
  cy: 521.069512

DistCoeffs:
  k1: -0.095725
  k2: 0.089338
  p1: -0.002196
  p2: -0.000740
  k3: 0.000000
